[gd_scene load_steps=22 format=3 uid="uid://qkybcxdjk2j"]

[ext_resource type="PackedScene" uid="uid://b7d7fnf8ook3k" path="res://KayKit_Adventurers_1.0_FREE/KayKit_Adventurers_1.0_FREE/Characters/gltf/Knight.glb" id="1_m3bpp"]
[ext_resource type="Script" path="res://Guerreiro.cs" id="2_slxpt"]

[sub_resource type="BoxShape3D" id="BoxShape3D_h025v"]

[sub_resource type="AnimationNodeAnimation" id="AnimationNodeAnimation_e4hjf"]
animation = &"1H_Melee_Attack_Slice_Diagonal"

[sub_resource type="AnimationNodeAnimation" id="AnimationNodeAnimation_52iw5"]
animation = &"Idle"

[sub_resource type="AnimationNodeAnimation" id="AnimationNodeAnimation_rr86h"]
animation = &"Running_A"

[sub_resource type="AnimationNodeAnimation" id="AnimationNodeAnimation_rpipw"]
animation = &"Walking_Backwards"

[sub_resource type="AnimationNodeAnimation" id="AnimationNodeAnimation_mgrbc"]
animation = &"Running_Strafe_Left"

[sub_resource type="AnimationNodeAnimation" id="AnimationNodeAnimation_02wap"]
animation = &"Running_Strafe_Right"

[sub_resource type="AnimationNodeBlendSpace2D" id="AnimationNodeBlendSpace2D_un8t0"]
blend_point_0/node = SubResource("AnimationNodeAnimation_52iw5")
blend_point_0/pos = Vector2(0, 0)
blend_point_1/node = SubResource("AnimationNodeAnimation_rr86h")
blend_point_1/pos = Vector2(0, 1)
blend_point_2/node = SubResource("AnimationNodeAnimation_rpipw")
blend_point_2/pos = Vector2(0, -1)
blend_point_3/node = SubResource("AnimationNodeAnimation_mgrbc")
blend_point_3/pos = Vector2(-1, 0)
blend_point_4/node = SubResource("AnimationNodeAnimation_02wap")
blend_point_4/pos = Vector2(1, 0)

[sub_resource type="AnimationNodeAnimation" id="AnimationNodeAnimation_yb2w5"]
animation = &"Jump_Idle"

[sub_resource type="AnimationNodeAnimation" id="AnimationNodeAnimation_rdpmu"]
animation = &"Jump_Land"

[sub_resource type="AnimationNodeAnimation" id="AnimationNodeAnimation_b1bc7"]
animation = &"Jump_Start"

[sub_resource type="AnimationNodeStateMachineTransition" id="AnimationNodeStateMachineTransition_kytxr"]
switch_mode = 2
advance_mode = 2

[sub_resource type="AnimationNodeStateMachineTransition" id="AnimationNodeStateMachineTransition_dbw8j"]
switch_mode = 2
advance_mode = 2

[sub_resource type="CSharpScript" id="CSharpScript_gcwhp"]

[sub_resource type="AnimationNodeStateMachineTransition" id="AnimationNodeStateMachineTransition_2372s"]
advance_mode = 2
advance_condition = &"onGround"
script = SubResource("CSharpScript_gcwhp")

[sub_resource type="AnimationNodeStateMachineTransition" id="AnimationNodeStateMachineTransition_qr6js"]
xfade_time = 0.1
switch_mode = 2
advance_mode = 2

[sub_resource type="AnimationNodeStateMachineTransition" id="AnimationNodeStateMachineTransition_bevi3"]
xfade_time = 0.1
switch_mode = 2
advance_mode = 2
advance_condition = &"onGround"

[sub_resource type="AnimationNodeStateMachineTransition" id="AnimationNodeStateMachineTransition_a8x6t"]
xfade_time = 0.5
priority = 2
switch_mode = 2
advance_mode = 2

[sub_resource type="AnimationNodeStateMachine" id="AnimationNodeStateMachine_tplb7"]
states/Atacando/node = SubResource("AnimationNodeAnimation_e4hjf")
states/Atacando/position = Vector2(454, 5)
states/IWR/node = SubResource("AnimationNodeBlendSpace2D_un8t0")
states/IWR/position = Vector2(589, 100)
states/Jump_Idle/node = SubResource("AnimationNodeAnimation_yb2w5")
states/Jump_Idle/position = Vector2(597, 273)
states/Jump_Land/node = SubResource("AnimationNodeAnimation_rdpmu")
states/Jump_Land/position = Vector2(727, 178)
states/Jump_Start/node = SubResource("AnimationNodeAnimation_b1bc7")
states/Jump_Start/position = Vector2(404, 206)
transitions = ["Start", "IWR", SubResource("AnimationNodeStateMachineTransition_kytxr"), "Jump_Start", "Jump_Idle", SubResource("AnimationNodeStateMachineTransition_dbw8j"), "Jump_Idle", "Jump_Land", SubResource("AnimationNodeStateMachineTransition_2372s"), "Jump_Land", "IWR", SubResource("AnimationNodeStateMachineTransition_qr6js"), "Atacando", "IWR", SubResource("AnimationNodeStateMachineTransition_bevi3"), "Atacando", "Jump_Idle", SubResource("AnimationNodeStateMachineTransition_a8x6t")]
graph_offset = Vector2(-8, 46)

[node name="Knight" instance=ExtResource("1_m3bpp")]
collision_layer = 3
script = ExtResource("2_slxpt")

[node name="Rig" parent="." index="0"]
transform = Transform3D(-1, 0, -8.74228e-08, 0, 1, 0, 8.74228e-08, 0, -1, 0, 0, 0)

[node name="Skeleton3D" parent="Rig" index="0"]
bones/0/position = Vector3(0, 0.00307684, 0)
bones/0/rotation = Quaternion(-4.77187e-10, -0.0138664, -8.26511e-10, 0.999904)
bones/1/position = Vector3(1.85296e-17, 0.377791, 9.98588e-18)
bones/1/rotation = Quaternion(0.0216193, 0.0335962, 0.0011235, 0.999201)
bones/2/rotation = Quaternion(0.0259768, 0.0155483, -0.00231672, 0.999539)
bones/3/rotation = Quaternion(0.00991165, 0.00430597, -0.00105346, 0.999941)
bones/4/position = Vector3(0.210283, 0.131125, -0.0105657)
bones/4/rotation = Quaternion(-0.609129, -0.0961647, -0.612916, 0.494013)
bones/5/rotation = Quaternion(3.21596e-08, -4.40765e-08, -0.508691, 0.860949)
bones/7/rotation = Quaternion(-0.252403, -0.357308, 0.0703351, 0.89648)
bones/8/rotation = Quaternion(-0.0123974, 0.00966461, -0.662942, 0.748506)
bones/14/position = Vector3(-0.207971, 0.129967, -0.00994109)
bones/14/rotation = Quaternion(-0.661611, 0.0930756, 0.567232, 0.481513)
bones/15/rotation = Quaternion(1.73255e-08, 7.16849e-08, 0.530674, 0.847576)
bones/17/rotation = Quaternion(-0.251056, 0.346312, -0.131749, 0.894249)
bones/18/rotation = Quaternion(-0.00874649, -0.00813633, 0.666836, 0.745109)
bones/21/rotation = Quaternion(-0.0295326, -0.0316878, -0.00209371, 0.999059)
bones/24/position = Vector3(0.170945, 0.113587, 0.00181681)
bones/24/rotation = Quaternion(0.990366, 0.0610728, 0.0634096, 0.106883)
bones/25/rotation = Quaternion(0.340941, 6.26747e-08, -2.341e-07, 0.940085)
bones/26/rotation = Quaternion(-0.589399, -0.157778, 0.056931, 0.790237)
bones/27/rotation = Quaternion(-3.00741e-08, 0.920355, -0.391084, 6.96463e-08)
bones/28/position = Vector3(-0.170945, 0.113587, -0.00181678)
bones/28/rotation = Quaternion(0.989481, -0.027274, 0.0221192, 0.140338)
bones/29/rotation = Quaternion(0.546211, -5.37035e-08, 3.75307e-07, 0.837648)
bones/30/rotation = Quaternion(-0.603556, 0.0890168, -0.0171044, 0.792151)
bones/31/rotation = Quaternion(3.05355e-08, 0.920355, -0.391084, -6.97071e-08)
bones/32/position = Vector3(0.170945, 0.307166, 0.590668)
bones/32/rotation = Quaternion(0.707107, -2.29302e-07, -4.60552e-08, 0.707107)
bones/33/position = Vector3(0.195161, 0.0290798, 0.229483)
bones/33/rotation = Quaternion(-0.711422, -6.99814e-08, -7.10909e-08, 0.702765)
bones/34/rotation = Quaternion(7.5015e-09, 1.38221e-09, 0.991409, -0.130798)
bones/35/rotation = Quaternion(-1.04035e-07, 0.391084, 0.920355, -2.9526e-08)
bones/37/rotation = Quaternion(1, 3.93928e-10, 1.94714e-07, 4.93304e-11)
bones/39/position = Vector3(-0.170945, 0.307166, 0.590668)
bones/39/rotation = Quaternion(0.707107, -3.82385e-08, 1.45009e-07, 0.707107)
bones/40/position = Vector3(-0.170945, 0.0387372, 0.141882)
bones/40/rotation = Quaternion(-0.56336, -8.36817e-08, -5.46484e-08, 0.826212)
bones/41/rotation = Quaternion(-4.52735e-09, 4.99473e-10, 0.996879, 0.07894)
bones/42/rotation = Quaternion(-1.04035e-07, 0.391084, 0.920355, -2.95261e-08)
bones/44/rotation = Quaternion(1, 4.52052e-10, 1.94852e-07, -1.97321e-10)
bones/46/position = Vector3(0.447009, 1.06181, -0.614086)
bones/46/rotation = Quaternion(-0.707099, 0.0032684, 0.0032684, 0.707099)
bones/47/position = Vector3(0.519196, 0.775102, -0.0145285)
bones/47/rotation = Quaternion(0.829374, 0.117706, 0.545477, 0.0271784)
bones/48/position = Vector3(-0.470309, 1.05651, -0.592211)
bones/48/rotation = Quaternion(-0.707099, 0.0032684, 0.0032684, 0.707099)
bones/49/position = Vector3(-0.508011, 0.775102, 0.0913119)
bones/49/rotation = Quaternion(-0.798958, 0.115316, 0.589158, -0.0355157)

[node name="1H_Sword_Offhand" parent="Rig/Skeleton3D" index="0"]
transform = Transform3D(-0.122754, 0.271946, 0.95445, 0.988581, 0.118194, 0.0934673, -0.0873926, 0.955026, -0.28335, 0.537404, 0.635688, 0.0647465)
visible = false
bone_idx = 9

[node name="Badge_Shield" parent="Rig/Skeleton3D" index="1"]
transform = Transform3D(-0.122754, 0.271946, 0.95445, 0.988581, 0.118192, 0.093468, -0.08739, 0.955026, -0.283349, 0.686189, 0.650258, 0.0205765)
bone_idx = 10

[node name="Rectangle_Shield" parent="Rig/Skeleton3D" index="2"]
transform = Transform3D(-0.122754, 0.271946, 0.95445, 0.988581, 0.118192, 0.093468, -0.08739, 0.955026, -0.283349, 0.686189, 0.650258, 0.0205765)
visible = false
bone_idx = 11

[node name="Round_Shield" parent="Rig/Skeleton3D" index="3"]
transform = Transform3D(-0.122754, 0.271946, 0.95445, 0.988581, 0.118192, 0.093468, -0.08739, 0.955026, -0.283349, 0.686189, 0.650258, 0.0205765)
visible = false
bone_idx = 12

[node name="Spike_Shield" parent="Rig/Skeleton3D" index="4"]
transform = Transform3D(-0.122754, 0.271946, 0.95445, 0.988581, 0.118192, 0.093468, -0.08739, 0.955026, -0.283349, 0.686189, 0.650258, 0.0205765)
visible = false
bone_idx = 13

[node name="1H_Sword" parent="Rig/Skeleton3D" index="5"]
transform = Transform3D(0.147894, -0.234979, 0.960683, 0.984997, 0.122327, -0.121717, -0.0889159, 0.964272, 0.249546, -0.536585, 0.648612, 0.165509)
bone_idx = 19

[node name="2H_Sword" parent="Rig/Skeleton3D" index="6"]
transform = Transform3D(0.147894, -0.234979, 0.960683, 0.984997, 0.122327, -0.121717, -0.0889159, 0.964272, 0.249546, -0.536585, 0.648612, 0.165509)
visible = false
bone_idx = 20

[node name="Knight_Helmet" parent="Rig/Skeleton3D" index="7"]
transform = Transform3D(0.999815, 0.0104495, 0.0161803, -0.00953808, 0.998418, -0.0554159, -0.0167337, 0.0552513, 0.998332, 0.00385133, 1.18749, 0.0731219)
bone_idx = 22

[node name="Knight_Cape" parent="Rig/Skeleton3D" index="8"]
transform = Transform3D(0.996839, 0.00907671, 0.0789323, 2.85699e-05, 0.993412, -0.114597, -0.0794524, 0.114237, 0.990271, 0.0038859, 1.18762, 0.0716157)
bone_idx = 23

[node name="CollisionShape3D" type="CollisionShape3D" parent="." index="2"]
transform = Transform3D(1, 0, 0, 0, 2, 0, 0, 0, 1, 0.046, 1, 0)
shape = SubResource("BoxShape3D_h025v")

[node name="AnimationState" type="AnimationTree" parent="." index="3"]
tree_root = SubResource("AnimationNodeStateMachine_tplb7")
anim_player = NodePath("../AnimationPlayer")
active = true
parameters/conditions/onGround = false
parameters/IWR/blend_position = Vector2(0.026484, 0.198276)

[node name="SpringArm3D" type="SpringArm3D" parent="." index="4"]
transform = Transform3D(1, 0, 0, 0, 0.982509, 0.186215, 0, -0.186215, 0.982509, 0, 2.34917, 0.0665133)
spring_length = 5.0

[node name="Camera3D" type="Camera3D" parent="SpringArm3D" index="0"]
transform = Transform3D(1, -1.57245e-08, 1.7342e-07, -1.57245e-08, 0.983691, 0.179867, -1.7342e-07, -0.179867, 0.983691, 0, 0, 0)

[node name="Moedas" type="Label" parent="." index="5"]
modulate = Color(0, 0, 0, 1)
self_modulate = Color(0.45098, 0.45098, 0, 1)
offset_left = 12.0
offset_top = 582.0
offset_right = 433.0
offset_bottom = 630.0
text = "Moedas = 0"
