[gd_scene load_steps=22 format=3 uid="uid://t4w0t1f5ssj7"]

[ext_resource type="PackedScene" uid="uid://b7d7fnf8ook3k" path="res://KayKit_Adventurers_1.0_FREE/KayKit_Adventurers_1.0_FREE/Characters/gltf/Knight.glb" id="1_m3bpp"]
[ext_resource type="Script" path="res://assets/Guerreiro.cs" id="2_2236o"]

[sub_resource type="BoxShape3D" id="BoxShape3D_h025v"]

[sub_resource type="AnimationNodeAnimation" id="AnimationNodeAnimation_e4hjf"]
animation = &"1H_Melee_Attack_Slice_Diagonal"

[sub_resource type="AnimationNodeAnimation" id="AnimationNodeAnimation_52iw5"]
animation = &"Idle"

[sub_resource type="AnimationNodeAnimation" id="AnimationNodeAnimation_rr86h"]
animation = &"Running_A"

[sub_resource type="AnimationNodeAnimation" id="AnimationNodeAnimation_rpipw"]
animation = &"Walking_Backwards"

[sub_resource type="AnimationNodeAnimation" id="AnimationNodeAnimation_mgrbc"]
animation = &"Running_Strafe_Left"

[sub_resource type="AnimationNodeAnimation" id="AnimationNodeAnimation_02wap"]
animation = &"Running_Strafe_Right"

[sub_resource type="AnimationNodeBlendSpace2D" id="AnimationNodeBlendSpace2D_un8t0"]
blend_point_0/node = SubResource("AnimationNodeAnimation_52iw5")
blend_point_0/pos = Vector2(0, 0)
blend_point_1/node = SubResource("AnimationNodeAnimation_rr86h")
blend_point_1/pos = Vector2(0, 1)
blend_point_2/node = SubResource("AnimationNodeAnimation_rpipw")
blend_point_2/pos = Vector2(0, -1)
blend_point_3/node = SubResource("AnimationNodeAnimation_mgrbc")
blend_point_3/pos = Vector2(-1, 0)
blend_point_4/node = SubResource("AnimationNodeAnimation_02wap")
blend_point_4/pos = Vector2(1, 0)

[sub_resource type="AnimationNodeAnimation" id="AnimationNodeAnimation_yb2w5"]
animation = &"Jump_Idle"

[sub_resource type="AnimationNodeAnimation" id="AnimationNodeAnimation_rdpmu"]
animation = &"Jump_Land"

[sub_resource type="AnimationNodeAnimation" id="AnimationNodeAnimation_b1bc7"]
animation = &"Jump_Start"

[sub_resource type="AnimationNodeStateMachineTransition" id="AnimationNodeStateMachineTransition_kytxr"]
switch_mode = 2
advance_mode = 2

[sub_resource type="AnimationNodeStateMachineTransition" id="AnimationNodeStateMachineTransition_dbw8j"]
switch_mode = 2
advance_mode = 2

[sub_resource type="CSharpScript" id="CSharpScript_gcwhp"]

[sub_resource type="AnimationNodeStateMachineTransition" id="AnimationNodeStateMachineTransition_2372s"]
advance_mode = 2
advance_condition = &"onGround"
script = SubResource("CSharpScript_gcwhp")

[sub_resource type="AnimationNodeStateMachineTransition" id="AnimationNodeStateMachineTransition_qr6js"]
xfade_time = 0.1
switch_mode = 2
advance_mode = 2

[sub_resource type="AnimationNodeStateMachineTransition" id="AnimationNodeStateMachineTransition_bevi3"]
xfade_time = 0.1
switch_mode = 2
advance_mode = 2
advance_condition = &"onGround"

[sub_resource type="AnimationNodeStateMachineTransition" id="AnimationNodeStateMachineTransition_a8x6t"]
xfade_time = 0.5
priority = 2
switch_mode = 2
advance_mode = 2

[sub_resource type="AnimationNodeStateMachine" id="AnimationNodeStateMachine_tplb7"]
states/Atacando/node = SubResource("AnimationNodeAnimation_e4hjf")
states/Atacando/position = Vector2(454, 5)
states/IWR/node = SubResource("AnimationNodeBlendSpace2D_un8t0")
states/IWR/position = Vector2(589, 100)
states/Jump_Idle/node = SubResource("AnimationNodeAnimation_yb2w5")
states/Jump_Idle/position = Vector2(597, 273)
states/Jump_Land/node = SubResource("AnimationNodeAnimation_rdpmu")
states/Jump_Land/position = Vector2(727, 178)
states/Jump_Start/node = SubResource("AnimationNodeAnimation_b1bc7")
states/Jump_Start/position = Vector2(404, 206)
transitions = ["Start", "IWR", SubResource("AnimationNodeStateMachineTransition_kytxr"), "Jump_Start", "Jump_Idle", SubResource("AnimationNodeStateMachineTransition_dbw8j"), "Jump_Idle", "Jump_Land", SubResource("AnimationNodeStateMachineTransition_2372s"), "Jump_Land", "IWR", SubResource("AnimationNodeStateMachineTransition_qr6js"), "Atacando", "IWR", SubResource("AnimationNodeStateMachineTransition_bevi3"), "Atacando", "Jump_Idle", SubResource("AnimationNodeStateMachineTransition_a8x6t")]
graph_offset = Vector2(-8, 46)

[node name="Knight" instance=ExtResource("1_m3bpp")]
collision_layer = 3
script = ExtResource("2_2236o")

[node name="Rig" parent="." index="0"]
transform = Transform3D(-1, 0, -8.74228e-08, 0, 1, 0, 8.74228e-08, 0, -1, 0, 0, 0)

[node name="Skeleton3D" parent="Rig" index="0"]
bones/0/position = Vector3(0, 0.000734355, 0)
bones/0/rotation = Quaternion(-4.77186e-10, -0.0138664, -8.26511e-10, 0.999904)
bones/1/position = Vector3(8.68812e-18, 0.370275, 2.76884e-17)
bones/1/rotation = Quaternion(0.0232092, 0.0336055, 0.00106986, 0.999165)
bones/2/rotation = Quaternion(0.0260855, 0.006493, -0.00154081, 0.999638)
bones/3/rotation = Quaternion(0.0100501, 0.00415962, -0.00179114, 0.999939)
bones/4/position = Vector3(0.209351, 0.130658, -0.010314)
bones/4/rotation = Quaternion(-0.613284, -0.0894026, -0.591775, 0.515454)
bones/5/rotation = Quaternion(1.58608e-08, -5.3969e-08, -0.531647, 0.846966)
bones/7/rotation = Quaternion(-0.253862, -0.368494, 0.0773852, 0.890942)
bones/8/rotation = Quaternion(-0.0126473, 0.00896313, -0.665294, 0.74642)
bones/14/position = Vector3(-0.208903, 0.130433, -0.0101928)
bones/14/rotation = Quaternion(-0.65927, 0.0943225, 0.563122, 0.489244)
bones/15/rotation = Quaternion(3.3249e-08, 5.84273e-08, 0.558048, 0.829808)
bones/17/rotation = Quaternion(-0.248139, 0.352147, -0.148485, 0.890153)
bones/18/rotation = Quaternion(-0.0105001, -0.0108552, 0.668781, 0.743306)
bones/21/rotation = Quaternion(-0.029322, -0.0325197, -0.00201691, 0.999039)
bones/24/position = Vector3(0.170945, 0.113587, 0.017232)
bones/24/rotation = Quaternion(0.977798, 0.0551531, 0.0678879, 0.190423)
bones/25/rotation = Quaternion(0.472138, 6.08889e-08, -3.31084e-07, 0.881525)
bones/26/rotation = Quaternion(-0.602405, -0.159667, 0.0491991, 0.780509)
bones/27/rotation = Quaternion(-3.0598e-08, 0.920355, -0.391084, 6.94213e-08)
bones/28/position = Vector3(-0.170945, 0.113587, -0.017232)
bones/28/rotation = Quaternion(0.993839, -0.0263123, 0.0229727, 0.105188)
bones/29/rotation = Quaternion(0.470443, -5.79601e-08, 3.26167e-07, 0.882431)
bones/30/rotation = Quaternion(-0.640248, 0.0898706, -0.00997499, 0.762828)
bones/31/rotation = Quaternion(1.48996e-08, 0.897399, -0.441219, -6.78965e-08)
bones/32/position = Vector3(0.170945, 0.312862, 0.596365)
bones/32/rotation = Quaternion(0.707107, -2.29302e-07, -4.60552e-08, 0.707107)
bones/33/position = Vector3(0.195161, 0.0296454, 0.246102)
bones/33/rotation = Quaternion(-0.679292, -7.16694e-08, -6.93485e-08, 0.733868)
bones/34/rotation = Quaternion(7.5015e-09, 1.38221e-09, 0.991409, -0.130798)
bones/35/rotation = Quaternion(-1.04035e-07, 0.391084, 0.920355, -2.9526e-08)
bones/37/rotation = Quaternion(1, 3.93928e-10, 1.94714e-07, 4.93304e-11)
bones/39/position = Vector3(-0.170945, 0.312862, 0.596364)
bones/39/rotation = Quaternion(0.707107, -3.82385e-08, 1.45009e-07, 0.707107)
bones/40/position = Vector3(-0.170945, 0.016401, 0.166409)
bones/40/rotation = Quaternion(-0.641685, -7.73931e-08, -6.31719e-08, 0.766968)
bones/41/rotation = Quaternion(-4.52735e-09, 4.99473e-10, 0.996879, 0.07894)
bones/42/rotation = Quaternion(-1.04035e-07, 0.391084, 0.920355, -2.95261e-08)
bones/44/rotation = Quaternion(1, 4.52052e-10, 1.94852e-07, -1.97321e-10)
bones/46/position = Vector3(0.447009, 1.06181, -0.614086)
bones/46/rotation = Quaternion(-0.707099, 0.0032684, 0.0032684, 0.707099)
bones/47/position = Vector3(0.519196, 0.779267, -0.0118957)
bones/47/rotation = Quaternion(0.830801, 0.120843, 0.542546, 0.0284791)
bones/48/position = Vector3(-0.470309, 1.05651, -0.592211)
bones/48/rotation = Quaternion(-0.707099, 0.0032684, 0.0032684, 0.707099)
bones/49/position = Vector3(-0.508011, 0.779267, 0.0939447)
bones/49/rotation = Quaternion(-0.800512, 0.118451, 0.586334, -0.0369087)

[node name="1H_Sword_Offhand" parent="Rig/Skeleton3D" index="0"]
transform = Transform3D(-0.138469, 0.277495, 0.950695, 0.986042, 0.12823, 0.10619, -0.0924401, 0.95213, -0.291378, 0.542724, 0.641083, 0.0695385)
visible = false
bone_idx = 9

[node name="Badge_Shield" parent="Rig/Skeleton3D" index="1"]
transform = Transform3D(-0.138469, 0.277495, 0.950695, 0.986042, 0.128227, 0.10619, -0.0924375, 0.952131, -0.291378, 0.690923, 0.657637, 0.0241169)
bone_idx = 10

[node name="Rectangle_Shield" parent="Rig/Skeleton3D" index="2"]
transform = Transform3D(-0.138469, 0.277495, 0.950695, 0.986042, 0.128227, 0.10619, -0.0924375, 0.952131, -0.291378, 0.690923, 0.657637, 0.0241169)
visible = false
bone_idx = 11

[node name="Round_Shield" parent="Rig/Skeleton3D" index="3"]
transform = Transform3D(-0.138469, 0.277495, 0.950695, 0.986042, 0.128227, 0.10619, -0.0924375, 0.952131, -0.291378, 0.690923, 0.657637, 0.0241169)
visible = false
bone_idx = 12

[node name="Spike_Shield" parent="Rig/Skeleton3D" index="4"]
transform = Transform3D(-0.138469, 0.277495, 0.950695, 0.986042, 0.128227, 0.10619, -0.0924375, 0.952131, -0.291378, 0.690923, 0.657637, 0.0241169)
visible = false
bone_idx = 13

[node name="1H_Sword" parent="Rig/Skeleton3D" index="5"]
transform = Transform3D(0.153038, -0.227713, 0.961626, 0.983314, 0.131927, -0.125249, -0.0983431, 0.964749, 0.244103, -0.533219, 0.649466, 0.171308)
bone_idx = 19

[node name="2H_Sword" parent="Rig/Skeleton3D" index="6"]
transform = Transform3D(0.153038, -0.227713, 0.961626, 0.983314, 0.131927, -0.125249, -0.0983431, 0.964749, 0.244103, -0.533219, 0.649466, 0.171308)
visible = false
bone_idx = 20

[node name="Knight_Helmet" parent="Rig/Skeleton3D" index="7"]
transform = Transform3D(0.999936, 0.0106939, -0.0038223, -0.0109023, 0.998171, -0.0594579, 0.00317946, 0.0594957, 0.998223, 0.00296323, 1.17737, 0.0759543)
bone_idx = 22

[node name="Knight_Cape" parent="Rig/Skeleton3D" index="8"]
transform = Transform3D(0.998124, 0.00832827, 0.0606582, -0.00109665, 0.992979, -0.118289, -0.0612174, 0.118001, 0.991125, 0.00302315, 1.17751, 0.0744604)
bone_idx = 23

[node name="CollisionShape3D" type="CollisionShape3D" parent="." index="2"]
transform = Transform3D(1, 0, 0, 0, 2, 0, 0, 0, 1, 0.046, 1, 0)
shape = SubResource("BoxShape3D_h025v")

[node name="AnimationState" type="AnimationTree" parent="." index="3"]
tree_root = SubResource("AnimationNodeStateMachine_tplb7")
anim_player = NodePath("../AnimationPlayer")
active = true
parameters/conditions/onGround = false
parameters/IWR/blend_position = Vector2(0.026484, 0.198276)

[node name="SpringArm3D" type="SpringArm3D" parent="." index="4"]
transform = Transform3D(1, 0, 0, 0, 0.982509, 0.186215, 0, -0.186215, 0.982509, 0, 2.34917, 0.0665133)
spring_length = 5.0

[node name="Camera3D" type="Camera3D" parent="SpringArm3D" index="0"]
transform = Transform3D(1, -1.57245e-08, 1.7342e-07, -1.57245e-08, 0.983691, 0.179867, -1.7342e-07, -0.179867, 0.983691, 0, 0, 0)

[node name="Moedas" type="Label" parent="." index="5"]
modulate = Color(0, 0, 0, 1)
self_modulate = Color(0.45098, 0.45098, 0, 1)
offset_left = 12.0
offset_top = 582.0
offset_right = 433.0
offset_bottom = 630.0
text = "Moedas = 0"
