[gd_scene load_steps=32 format=3 uid="uid://t4w0t1f5ssj7"]

[ext_resource type="PackedScene" uid="uid://b7d7fnf8ook3k" path="res://KayKit_Adventurers_1.0_FREE/KayKit_Adventurers_1.0_FREE/Characters/gltf/Knight.glb" id="1_m3bpp"]
[ext_resource type="Script" path="res://assets/Guerreiro.cs" id="2_2236o"]
[ext_resource type="Texture2D" uid="uid://bok10n1wb4njb" path="res://KayKit_Adventurers_1.0_FREE/coin.png" id="3_cwouk"]
[ext_resource type="PackedScene" uid="uid://cw7357kya0nm4" path="res://Component/health_component.tscn" id="3_vxj5m"]
[ext_resource type="PackedScene" uid="uid://tlrehmrypgag" path="res://Component/hit_box_component.tscn" id="4_ybihm"]
[ext_resource type="PackedScene" uid="uid://iywg2hxupo3j" path="res://Component/damage_component.tscn" id="5_f3ius"]

[sub_resource type="AnimationNodeAnimation" id="AnimationNodeAnimation_e4hjf"]
animation = &"1H_Melee_Attack_Slice_Diagonal"

[sub_resource type="AnimationNodeAnimation" id="AnimationNodeAnimation_52iw5"]
animation = &"Idle"

[sub_resource type="AnimationNodeAnimation" id="AnimationNodeAnimation_rr86h"]
animation = &"Running_A"

[sub_resource type="AnimationNodeAnimation" id="AnimationNodeAnimation_rpipw"]
animation = &"Walking_Backwards"

[sub_resource type="AnimationNodeAnimation" id="AnimationNodeAnimation_mgrbc"]
animation = &"Running_Strafe_Left"

[sub_resource type="AnimationNodeAnimation" id="AnimationNodeAnimation_02wap"]
animation = &"Running_Strafe_Right"

[sub_resource type="AnimationNodeBlendSpace2D" id="AnimationNodeBlendSpace2D_un8t0"]
blend_point_0/node = SubResource("AnimationNodeAnimation_52iw5")
blend_point_0/pos = Vector2(0, 0)
blend_point_1/node = SubResource("AnimationNodeAnimation_rr86h")
blend_point_1/pos = Vector2(0, 1)
blend_point_2/node = SubResource("AnimationNodeAnimation_rpipw")
blend_point_2/pos = Vector2(0, -1)
blend_point_3/node = SubResource("AnimationNodeAnimation_mgrbc")
blend_point_3/pos = Vector2(-1, 0)
blend_point_4/node = SubResource("AnimationNodeAnimation_02wap")
blend_point_4/pos = Vector2(1, 0)

[sub_resource type="AnimationNodeAnimation" id="AnimationNodeAnimation_yb2w5"]
animation = &"Jump_Idle"

[sub_resource type="AnimationNodeAnimation" id="AnimationNodeAnimation_rdpmu"]
animation = &"Jump_Land"

[sub_resource type="AnimationNodeAnimation" id="AnimationNodeAnimation_b1bc7"]
animation = &"Jump_Start"

[sub_resource type="AnimationNodeStateMachineTransition" id="AnimationNodeStateMachineTransition_kytxr"]
switch_mode = 2
advance_mode = 2

[sub_resource type="AnimationNodeStateMachineTransition" id="AnimationNodeStateMachineTransition_dbw8j"]
switch_mode = 2
advance_mode = 2

[sub_resource type="CSharpScript" id="CSharpScript_gcwhp"]

[sub_resource type="AnimationNodeStateMachineTransition" id="AnimationNodeStateMachineTransition_2372s"]
advance_mode = 2
advance_condition = &"onGround"
script = SubResource("CSharpScript_gcwhp")

[sub_resource type="AnimationNodeStateMachineTransition" id="AnimationNodeStateMachineTransition_qr6js"]
xfade_time = 0.1
switch_mode = 2
advance_mode = 2

[sub_resource type="AnimationNodeStateMachineTransition" id="AnimationNodeStateMachineTransition_bevi3"]
xfade_time = 0.1
switch_mode = 2
advance_mode = 2
advance_condition = &"onGround"

[sub_resource type="AnimationNodeStateMachineTransition" id="AnimationNodeStateMachineTransition_a8x6t"]
xfade_time = 0.5
priority = 2
switch_mode = 2
advance_mode = 2
advance_condition = &"onAir"

[sub_resource type="AnimationNodeStateMachineTransition" id="AnimationNodeStateMachineTransition_yswpl"]
advance_mode = 2
advance_condition = &"onAir"

[sub_resource type="AnimationNodeStateMachine" id="AnimationNodeStateMachine_tplb7"]
states/Atacando/node = SubResource("AnimationNodeAnimation_e4hjf")
states/Atacando/position = Vector2(454, 5)
states/IWR/node = SubResource("AnimationNodeBlendSpace2D_un8t0")
states/IWR/position = Vector2(589, 100)
states/Jump_Idle/node = SubResource("AnimationNodeAnimation_yb2w5")
states/Jump_Idle/position = Vector2(597, 273)
states/Jump_Land/node = SubResource("AnimationNodeAnimation_rdpmu")
states/Jump_Land/position = Vector2(728, 178)
states/Jump_Start/node = SubResource("AnimationNodeAnimation_b1bc7")
states/Jump_Start/position = Vector2(405, 206)
transitions = ["Start", "IWR", SubResource("AnimationNodeStateMachineTransition_kytxr"), "Jump_Start", "Jump_Idle", SubResource("AnimationNodeStateMachineTransition_dbw8j"), "Jump_Idle", "Jump_Land", SubResource("AnimationNodeStateMachineTransition_2372s"), "Jump_Land", "IWR", SubResource("AnimationNodeStateMachineTransition_qr6js"), "Atacando", "IWR", SubResource("AnimationNodeStateMachineTransition_bevi3"), "Atacando", "Jump_Idle", SubResource("AnimationNodeStateMachineTransition_a8x6t"), "IWR", "Jump_Start", SubResource("AnimationNodeStateMachineTransition_yswpl")]
graph_offset = Vector2(205, 32)

[sub_resource type="Theme" id="Theme_uvikq"]
Label/colors/font_color = Color(1, 1, 1, 1)
Label/colors/font_outline_color = Color(0, 0, 0, 1)
Label/constants/outline_size = 14
Label/font_sizes/font_size = 30

[sub_resource type="StyleBoxFlat" id="StyleBoxFlat_6t716"]

[sub_resource type="StyleBoxFlat" id="StyleBoxFlat_hh8pf"]
bg_color = Color(1, 0.101961, 0, 1)

[sub_resource type="Theme" id="Theme_dgvin"]
ProgressBar/styles/background = SubResource("StyleBoxFlat_6t716")
ProgressBar/styles/fill = SubResource("StyleBoxFlat_hh8pf")

[sub_resource type="BoxShape3D" id="BoxShape3D_h025v"]
size = Vector3(1, 2.07977, 1)

[sub_resource type="BoxShape3D" id="BoxShape3D_a8707"]
size = Vector3(2.31401, 2.06243, 1.7559)

[node name="Knight" instance=ExtResource("1_m3bpp")]
collision_layer = 2
collision_mask = 33
script = ExtResource("2_2236o")

[node name="Rig" parent="." index="0"]
transform = Transform3D(-1, 0, -8.74228e-08, 0, 1, 0, 8.74228e-08, 0, -1, 0, 0, 0)

[node name="Skeleton3D" parent="Rig" index="0"]
bones/0/position = Vector3(0, 0.0048071, 0)
bones/0/rotation = Quaternion(-4.77186e-10, -0.0138664, -8.26511e-10, 0.999904)
bones/1/position = Vector3(2.95283e-18, 0.400056, -2.95283e-18)
bones/1/rotation = Quaternion(0.0227404, 0.0336028, 0.00108568, 0.999176)
bones/2/rotation = Quaternion(0.025929, 0.0189581, -0.00265568, 0.999481)
bones/3/rotation = Quaternion(0.00986275, 0.0043575, -0.00079314, 0.999942)
bones/4/position = Vector3(0.210612, 0.131289, -0.0106546)
bones/4/rotation = Quaternion(-0.615616, -0.100559, -0.618682, 0.477637)
bones/5/rotation = Quaternion(1.79749e-08, -4.37692e-08, -0.489589, 0.871954)
bones/7/rotation = Quaternion(-0.254104, -0.344656, 0.063137, 0.901475)
bones/8/rotation = Quaternion(-0.0131214, 0.00914917, -0.665419, 0.746299)
bones/14/position = Vector3(-0.207642, 0.129802, -0.00985228)
bones/14/rotation = Quaternion(-0.670083, 0.0945995, 0.566779, 0.469895)
bones/15/rotation = Quaternion(5.74273e-09, 4.75764e-08, 0.510166, 0.860076)
bones/17/rotation = Quaternion(-0.254023, 0.33518, -0.120995, 0.899159)
bones/18/rotation = Quaternion(-0.0110426, -0.0111561, 0.669535, 0.742614)
bones/21/rotation = Quaternion(-0.0294375, -0.0421559, -0.00151431, 0.998676)
bones/24/position = Vector3(0.170945, 0.113587, 0.0212373)
bones/24/rotation = Quaternion(0.983647, 0.0549313, 0.0656365, 0.158474)
bones/25/rotation = Quaternion(0.3041, 6.48113e-08, -2.08263e-07, 0.95264)
bones/26/rotation = Quaternion(-0.555627, -0.16409, 0.0305614, 0.814506)
bones/27/rotation = Quaternion(-3.06283e-08, 0.920355, -0.391084, 6.93173e-08)
bones/28/position = Vector3(-0.170945, 0.113587, -0.0212373)
bones/28/rotation = Quaternion(0.997097, -0.0242349, 0.0241832, 0.0680112)
bones/29/rotation = Quaternion(0.39431, -6.09527e-08, 2.71727e-07, 0.918978)
bones/30/rotation = Quaternion(-0.506992, 0.0894462, -0.0120456, 0.857212)
bones/31/rotation = Quaternion(1.68533e-08, 0.908501, -0.417882, -6.73261e-08)
bones/32/position = Vector3(0.170945, 0.303218, 0.58672)
bones/32/rotation = Quaternion(0.707107, -2.29302e-07, -4.60552e-08, 0.707107)
bones/33/position = Vector3(0.195161, 0.0842104, 0.290636)
bones/33/rotation = Quaternion(-0.743152, -6.48627e-08, -7.53411e-08, 0.669123)
bones/34/rotation = Quaternion(7.5015e-09, 1.38221e-09, 0.991409, -0.130798)
bones/35/rotation = Quaternion(-1.04035e-07, 0.391084, 0.920355, -2.9526e-08)
bones/37/rotation = Quaternion(1, 3.93928e-10, 1.94714e-07, 4.93304e-11)
bones/39/position = Vector3(-0.170945, 0.303218, 0.58672)
bones/39/rotation = Quaternion(0.707107, -3.82385e-08, 1.45009e-07, 0.707107)
bones/40/position = Vector3(-0.170945, 0.0462795, 0.097008)
bones/40/rotation = Quaternion(-0.547609, -8.41085e-08, -5.39849e-08, 0.836734)
bones/41/rotation = Quaternion(-4.52735e-09, 4.99473e-10, 0.996879, 0.07894)
bones/42/rotation = Quaternion(-1.04035e-07, 0.391084, 0.920355, -2.95261e-08)
bones/44/rotation = Quaternion(1, 4.52052e-10, 1.94852e-07, -1.97321e-10)
bones/46/position = Vector3(0.447009, 1.06181, -0.614086)
bones/46/rotation = Quaternion(-0.707099, 0.0032684, 0.0032684, 0.707099)
bones/47/position = Vector3(0.519196, 0.789026, -0.0164732)
bones/47/rotation = Quaternion(0.828306, 0.115402, 0.547637, 0.0261929)
bones/48/position = Vector3(-0.470309, 1.05651, -0.592211)
bones/48/rotation = Quaternion(-0.707099, 0.0032684, 0.0032684, 0.707099)
bones/49/position = Vector3(-0.508011, 0.789026, 0.0893672)
bones/49/rotation = Quaternion(-0.797795, 0.113014, 0.591238, -0.0344626)

[node name="1H_Sword_Offhand" parent="Rig/Skeleton3D" index="0"]
transform = Transform3D(-0.119519, 0.273594, 0.95439, 0.988166, 0.125859, 0.0876695, -0.096133, 0.953575, -0.285399, 0.537207, 0.651167, 0.0613326)
visible = false
bone_idx = 9

[node name="Badge_Shield" parent="Rig/Skeleton3D" index="1"]
transform = Transform3D(-0.119519, 0.273594, 0.95439, 0.988166, 0.125857, 0.0876702, -0.0961304, 0.953575, -0.285399, 0.685982, 0.664834, 0.016843)
bone_idx = 10

[node name="Rectangle_Shield" parent="Rig/Skeleton3D" index="2"]
transform = Transform3D(-0.119519, 0.273594, 0.95439, 0.988166, 0.125857, 0.0876702, -0.0961304, 0.953575, -0.285399, 0.685982, 0.664834, 0.016843)
visible = false
bone_idx = 11

[node name="Round_Shield" parent="Rig/Skeleton3D" index="3"]
transform = Transform3D(-0.119519, 0.273594, 0.95439, 0.988166, 0.125857, 0.0876702, -0.0961304, 0.953575, -0.285399, 0.685982, 0.664834, 0.016843)
visible = false
bone_idx = 12

[node name="Spike_Shield" parent="Rig/Skeleton3D" index="4"]
transform = Transform3D(-0.119519, 0.273594, 0.95439, 0.988166, 0.125857, 0.0876702, -0.0961304, 0.953575, -0.285399, 0.685982, 0.664834, 0.016843)
visible = false
bone_idx = 13

[node name="1H_Sword" parent="Rig/Skeleton3D" index="5"]
transform = Transform3D(0.151297, -0.230703, 0.961189, 0.983914, 0.128575, -0.124014, -0.0949745, 0.964491, 0.246445, -0.539168, 0.665359, 0.162093)
bone_idx = 19

[node name="2H_Sword" parent="Rig/Skeleton3D" index="6"]
transform = Transform3D(0.151297, -0.230703, 0.961189, 0.983914, 0.128575, -0.124014, -0.0949745, 0.964491, 0.246445, -0.539168, 0.665359, 0.162093)
visible = false
bone_idx = 20

[node name="Knight_Helmet" parent="Rig/Skeleton3D" index="7"]
transform = Transform3D(0.999947, 0.0100558, 0.00212544, -0.00991697, 0.998295, -0.0575199, -0.00270023, 0.0574958, 0.998342, 0.00437608, 1.21133, 0.0748056)
bone_idx = 22

[node name="Knight_Cape" parent="Rig/Skeleton3D" index="8"]
transform = Transform3D(0.996265, 0.00962096, 0.0858091, 0.000453535, 0.993176, -0.116621, -0.0863456, 0.116224, 0.989463, 0.0043867, 1.21146, 0.073306)
bone_idx = 23

[node name="AnimationState" type="AnimationTree" parent="." index="2"]
tree_root = SubResource("AnimationNodeStateMachine_tplb7")
anim_player = NodePath("../AnimationPlayer")
active = true
parameters/conditions/onAir = false
parameters/conditions/onGround = false
parameters/IWR/blend_position = Vector2(0.026484, 0.198276)

[node name="SpringArm3D" type="SpringArm3D" parent="." index="3"]
transform = Transform3D(1, 0, 0, 0, 0.930443, 0.366436, 0, -0.366436, 0.930443, 0.00732875, 2.19503, 0.568526)
spring_length = 3.2

[node name="Camera3D" type="Camera3D" parent="SpringArm3D" index="0"]
transform = Transform3D(1, 3.75554e-08, 1.70033e-07, -1.57245e-08, 0.991952, -0.126614, -1.7342e-07, 0.126614, 0.991952, 0, 0, 0)

[node name="Moedas" type="Label" parent="." index="4"]
offset_left = 93.0
offset_top = 583.0
offset_right = 514.0
offset_bottom = 631.0
theme = SubResource("Theme_uvikq")
text = "0"

[node name="Sprite2D" type="Sprite2D" parent="Moedas" index="0"]
position = Vector2(-27, 22)
scale = Vector2(0.0791016, 0.0791016)
texture = ExtResource("3_cwouk")

[node name="HealthComponent" parent="." index="5" node_paths=PackedStringArray("lifeBar") instance=ExtResource("3_vxj5m")]
vida = 50
lifeBar = NodePath("CanvasLayer/ProgressBar")

[node name="CanvasLayer" type="CanvasLayer" parent="HealthComponent" index="0"]

[node name="ProgressBar" type="ProgressBar" parent="HealthComponent/CanvasLayer" index="0"]
offset_left = 28.0
offset_top = 16.0
offset_right = 452.0
offset_bottom = 48.0
theme = SubResource("Theme_dgvin")

[node name="hitBox_component" parent="." index="6" node_paths=PackedStringArray("health") instance=ExtResource("4_ybihm")]
collision_layer = 2
collision_mask = 24
health = NodePath("../HealthComponent")

[node name="HitBox Colision" type="CollisionShape3D" parent="hitBox_component" index="0"]
transform = Transform3D(1, 0, 0, 0, 1, 0, 0, 0, 1, 0.0140319, 1.11237, -0.204792)
shape = SubResource("BoxShape3D_h025v")

[node name="Damage_Component" parent="." index="7" instance=ExtResource("5_f3ius")]
collision_layer = 4

[node name="HitBox Colision" type="CollisionShape3D" parent="Damage_Component" index="0"]
transform = Transform3D(1, 0, 0, 0, 1, 0, 0, 0, 1, 0.0140319, 1.11237, -1.1356)
shape = SubResource("BoxShape3D_a8707")
disabled = true

[node name="Physics Colision" type="CollisionShape3D" parent="." index="8"]
transform = Transform3D(1, 0, 0, 0, 1, 0, 0, 0, 1, 0.0140319, 1.14277, -0.204792)
shape = SubResource("BoxShape3D_h025v")

[connection signal="animation_finished" from="AnimationState" to="." method="_on_animation_state_animation_finished"]
[connection signal="empty" from="HealthComponent" to="." method="dead"]
