[gd_scene load_steps=22 format=3 uid="uid://t4w0t1f5ssj7"]

[ext_resource type="PackedScene" uid="uid://b7d7fnf8ook3k" path="res://KayKit_Adventurers_1.0_FREE/KayKit_Adventurers_1.0_FREE/Characters/gltf/Knight.glb" id="1_m3bpp"]
[ext_resource type="Script" path="res://assets/Guerreiro.cs" id="2_2236o"]

[sub_resource type="BoxShape3D" id="BoxShape3D_h025v"]

[sub_resource type="AnimationNodeAnimation" id="AnimationNodeAnimation_e4hjf"]
animation = &"1H_Melee_Attack_Slice_Diagonal"

[sub_resource type="AnimationNodeAnimation" id="AnimationNodeAnimation_52iw5"]
animation = &"Idle"

[sub_resource type="AnimationNodeAnimation" id="AnimationNodeAnimation_rr86h"]
animation = &"Running_A"

[sub_resource type="AnimationNodeAnimation" id="AnimationNodeAnimation_rpipw"]
animation = &"Walking_Backwards"

[sub_resource type="AnimationNodeAnimation" id="AnimationNodeAnimation_mgrbc"]
animation = &"Running_Strafe_Left"

[sub_resource type="AnimationNodeAnimation" id="AnimationNodeAnimation_02wap"]
animation = &"Running_Strafe_Right"

[sub_resource type="AnimationNodeBlendSpace2D" id="AnimationNodeBlendSpace2D_un8t0"]
blend_point_0/node = SubResource("AnimationNodeAnimation_52iw5")
blend_point_0/pos = Vector2(0, 0)
blend_point_1/node = SubResource("AnimationNodeAnimation_rr86h")
blend_point_1/pos = Vector2(0, 1)
blend_point_2/node = SubResource("AnimationNodeAnimation_rpipw")
blend_point_2/pos = Vector2(0, -1)
blend_point_3/node = SubResource("AnimationNodeAnimation_mgrbc")
blend_point_3/pos = Vector2(-1, 0)
blend_point_4/node = SubResource("AnimationNodeAnimation_02wap")
blend_point_4/pos = Vector2(1, 0)

[sub_resource type="AnimationNodeAnimation" id="AnimationNodeAnimation_yb2w5"]
animation = &"Jump_Idle"

[sub_resource type="AnimationNodeAnimation" id="AnimationNodeAnimation_rdpmu"]
animation = &"Jump_Land"

[sub_resource type="AnimationNodeAnimation" id="AnimationNodeAnimation_b1bc7"]
animation = &"Jump_Start"

[sub_resource type="AnimationNodeStateMachineTransition" id="AnimationNodeStateMachineTransition_kytxr"]
switch_mode = 2
advance_mode = 2

[sub_resource type="AnimationNodeStateMachineTransition" id="AnimationNodeStateMachineTransition_dbw8j"]
switch_mode = 2
advance_mode = 2

[sub_resource type="CSharpScript" id="CSharpScript_gcwhp"]

[sub_resource type="AnimationNodeStateMachineTransition" id="AnimationNodeStateMachineTransition_2372s"]
advance_mode = 2
advance_condition = &"onGround"
script = SubResource("CSharpScript_gcwhp")

[sub_resource type="AnimationNodeStateMachineTransition" id="AnimationNodeStateMachineTransition_qr6js"]
xfade_time = 0.1
switch_mode = 2
advance_mode = 2

[sub_resource type="AnimationNodeStateMachineTransition" id="AnimationNodeStateMachineTransition_bevi3"]
xfade_time = 0.1
switch_mode = 2
advance_mode = 2
advance_condition = &"onGround"

[sub_resource type="AnimationNodeStateMachineTransition" id="AnimationNodeStateMachineTransition_a8x6t"]
xfade_time = 0.5
priority = 2
switch_mode = 2
advance_mode = 2

[sub_resource type="AnimationNodeStateMachine" id="AnimationNodeStateMachine_tplb7"]
states/Atacando/node = SubResource("AnimationNodeAnimation_e4hjf")
states/Atacando/position = Vector2(454, 5)
states/IWR/node = SubResource("AnimationNodeBlendSpace2D_un8t0")
states/IWR/position = Vector2(589, 100)
states/Jump_Idle/node = SubResource("AnimationNodeAnimation_yb2w5")
states/Jump_Idle/position = Vector2(597, 273)
states/Jump_Land/node = SubResource("AnimationNodeAnimation_rdpmu")
states/Jump_Land/position = Vector2(727, 178)
states/Jump_Start/node = SubResource("AnimationNodeAnimation_b1bc7")
states/Jump_Start/position = Vector2(404, 206)
transitions = ["Start", "IWR", SubResource("AnimationNodeStateMachineTransition_kytxr"), "Jump_Start", "Jump_Idle", SubResource("AnimationNodeStateMachineTransition_dbw8j"), "Jump_Idle", "Jump_Land", SubResource("AnimationNodeStateMachineTransition_2372s"), "Jump_Land", "IWR", SubResource("AnimationNodeStateMachineTransition_qr6js"), "Atacando", "IWR", SubResource("AnimationNodeStateMachineTransition_bevi3"), "Atacando", "Jump_Idle", SubResource("AnimationNodeStateMachineTransition_a8x6t")]
graph_offset = Vector2(-8, 46)

[node name="Knight" instance=ExtResource("1_m3bpp")]
collision_layer = 3
script = ExtResource("2_2236o")

[node name="Rig" parent="." index="0"]
transform = Transform3D(-1, 0, -8.74228e-08, 0, 1, 0, 8.74228e-08, 0, -1, 0, 0, 0)

[node name="Skeleton3D" parent="Rig" index="0"]
bones/0/position = Vector3(0, 0.000734355, 0)
bones/0/rotation = Quaternion(-4.77186e-10, -0.0138664, -8.26511e-10, 0.999904)
bones/1/position = Vector3(2.54572e-19, 0.378068, 4.7045e-17)
bones/1/rotation = Quaternion(0.0226394, 0.0336022, 0.00108909, 0.999178)
bones/2/rotation = Quaternion(0.0260695, 0.00819662, -0.00167282, 0.999625)
bones/3/rotation = Quaternion(0.0100233, 0.00418804, -0.00164809, 0.99994)
bones/4/position = Vector3(0.209532, 0.130749, -0.0103628)
bones/4/rotation = Quaternion(-0.614805, -0.0912386, -0.596051, 0.508344)
bones/5/rotation = Quaternion(1.93294e-08, -4.86351e-08, -0.525579, 0.850745)
bones/7/rotation = Quaternion(-0.254345, -0.362524, 0.0786728, 0.893138)
bones/8/rotation = Quaternion(-0.0130728, 0.00870336, -0.666621, 0.745231)
bones/14/position = Vector3(-0.208722, 0.130343, -0.010144)
bones/14/rotation = Quaternion(-0.662355, 0.0945834, 0.564017, 0.483967)
bones/15/rotation = Quaternion(4.04519e-08, 5.66223e-08, 0.55117, 0.834393)
bones/17/rotation = Quaternion(-0.249159, 0.347029, -0.147487, 0.892041)
bones/18/rotation = Quaternion(-0.0115039, -0.0121329, 0.669971, 0.742199)
bones/21/rotation = Quaternion(-0.0294803, -0.0233392, -0.00251983, 0.99929)
bones/24/position = Vector3(0.170945, 0.113587, -0.0106359)
bones/24/rotation = Quaternion(0.994752, 0.0621852, 0.0598642, 0.0549334)
bones/25/rotation = Quaternion(0.304931, 6.57289e-08, -2.11985e-07, 0.952375)
bones/26/rotation = Quaternion(-0.572745, -0.162692, 0.0354771, 0.802643)
bones/27/rotation = Quaternion(-2.01799e-08, 0.905791, -0.423725, 6.87111e-08)
bones/28/position = Vector3(-0.170945, 0.113587, 0.0106359)
bones/28/rotation = Quaternion(0.984686, -0.02661, 0.0211442, 0.17099)
bones/29/rotation = Quaternion(0.509635, -5.66935e-08, 3.53191e-07, 0.860391)
bones/30/rotation = Quaternion(-0.605595, 0.0904758, -0.00489922, 0.790598)
bones/31/rotation = Quaternion(3.05287e-08, 0.920355, -0.391084, -6.96803e-08)
bones/32/position = Vector3(0.170945, 0.312862, 0.596365)
bones/32/rotation = Quaternion(0.707107, -2.29302e-07, -4.60552e-08, 0.707107)
bones/33/position = Vector3(0.195161, 0.0132703, 0.179489)
bones/33/rotation = Quaternion(-0.684416, -7.24963e-08, -6.84717e-08, 0.729092)
bones/34/rotation = Quaternion(7.5015e-09, 1.38221e-09, 0.991409, -0.130798)
bones/35/rotation = Quaternion(-1.04035e-07, 0.391084, 0.920355, -2.9526e-08)
bones/37/rotation = Quaternion(1, 3.93928e-10, 1.94714e-07, 4.93304e-11)
bones/39/position = Vector3(-0.170945, 0.312862, 0.596364)
bones/39/rotation = Quaternion(0.707107, -3.82385e-08, 1.45009e-07, 0.707107)
bones/40/position = Vector3(-0.170945, 0.0267677, 0.219146)
bones/40/rotation = Quaternion(-0.62404, -7.95022e-08, -6.05708e-08, 0.781393)
bones/41/rotation = Quaternion(-4.52735e-09, 4.99473e-10, 0.996879, 0.07894)
bones/42/rotation = Quaternion(-1.04035e-07, 0.391084, 0.920355, -2.95261e-08)
bones/44/rotation = Quaternion(1, 4.52052e-10, 1.94852e-07, -1.97321e-10)
bones/46/position = Vector3(0.447009, 1.06181, -0.614086)
bones/46/rotation = Quaternion(-0.707099, 0.0032684, 0.0032684, 0.707099)
bones/47/position = Vector3(0.519196, 0.784067, -0.0118957)
bones/47/rotation = Quaternion(0.830801, 0.120843, 0.542546, 0.0284791)
bones/48/position = Vector3(-0.470309, 1.05651, -0.592211)
bones/48/rotation = Quaternion(-0.707099, 0.0032684, 0.0032684, 0.707099)
bones/49/position = Vector3(-0.508011, 0.784067, 0.0939447)
bones/49/rotation = Quaternion(-0.800512, 0.118451, 0.586334, -0.0369087)

[node name="1H_Sword_Offhand" parent="Rig/Skeleton3D" index="0"]
transform = Transform3D(-0.13449, 0.275344, 0.951891, 0.986541, 0.127358, 0.102547, -0.0929948, 0.952872, -0.288767, 0.541207, 0.644568, 0.068516)
visible = false
bone_idx = 9

[node name="Badge_Shield" parent="Rig/Skeleton3D" index="1"]
transform = Transform3D(-0.13449, 0.275345, 0.951891, 0.986541, 0.127355, 0.102547, -0.0929922, 0.952872, -0.288767, 0.689593, 0.660553, 0.0235014)
bone_idx = 10

[node name="Rectangle_Shield" parent="Rig/Skeleton3D" index="2"]
transform = Transform3D(-0.13449, 0.275345, 0.951891, 0.986541, 0.127355, 0.102547, -0.0929922, 0.952872, -0.288767, 0.689593, 0.660553, 0.0235014)
visible = false
bone_idx = 11

[node name="Round_Shield" parent="Rig/Skeleton3D" index="3"]
transform = Transform3D(-0.13449, 0.275345, 0.951891, 0.986541, 0.127355, 0.102547, -0.0929922, 0.952872, -0.288767, 0.689593, 0.660553, 0.0235014)
visible = false
bone_idx = 12

[node name="Spike_Shield" parent="Rig/Skeleton3D" index="4"]
transform = Transform3D(-0.13449, 0.275345, 0.951891, 0.986541, 0.127355, 0.102547, -0.0929922, 0.952872, -0.288767, 0.689593, 0.660553, 0.0235014)
visible = false
bone_idx = 13

[node name="1H_Sword" parent="Rig/Skeleton3D" index="5"]
transform = Transform3D(0.152368, -0.224196, 0.962558, 0.983365, 0.131819, -0.12496, -0.098868, 0.965587, 0.240552, -0.532933, 0.653699, 0.170543)
bone_idx = 19

[node name="2H_Sword" parent="Rig/Skeleton3D" index="6"]
transform = Transform3D(0.152368, -0.224196, 0.962558, 0.983365, 0.131819, -0.12496, -0.098868, 0.965587, 0.240552, -0.532933, 0.653699, 0.170543)
visible = false
bone_idx = 20

[node name="Knight_Helmet" parent="Rig/Skeleton3D" index="7"]
transform = Transform3D(0.999777, 0.0110273, 0.0180149, -0.0099644, 0.998263, -0.0580615, -0.0186239, 0.057869, 0.99815, 0.00308297, 1.18526, 0.0749992)
bone_idx = 22

[node name="Knight_Cape" parent="Rig/Skeleton3D" index="8"]
transform = Transform3D(0.997908, 0.00841234, 0.0640988, -0.000852716, 0.993124, -0.117063, -0.0646428, 0.116763, 0.991054, 0.00314926, 1.18539, 0.0734954)
bone_idx = 23

[node name="CollisionShape3D" type="CollisionShape3D" parent="." index="2"]
transform = Transform3D(1, 0, 0, 0, 2, 0, 0, 0, 1, 0.046, 1, 0)
shape = SubResource("BoxShape3D_h025v")

[node name="AnimationState" type="AnimationTree" parent="." index="3"]
tree_root = SubResource("AnimationNodeStateMachine_tplb7")
anim_player = NodePath("../AnimationPlayer")
active = true
parameters/conditions/onGround = false
parameters/IWR/blend_position = Vector2(0.026484, 0.198276)

[node name="SpringArm3D" type="SpringArm3D" parent="." index="4"]
transform = Transform3D(1, 0, 0, 0, 0.930443, 0.366436, 0, -0.366436, 0.930443, 0.00732875, 2.19503, 0.568526)
spring_length = 3.2

[node name="Camera3D" type="Camera3D" parent="SpringArm3D" index="0"]
transform = Transform3D(1, 3.75554e-08, 1.70033e-07, -1.57245e-08, 0.991952, -0.126614, -1.7342e-07, 0.126614, 0.991952, 0, 0, 0)

[node name="Moedas" type="Label" parent="." index="5"]
modulate = Color(0, 0, 0, 1)
self_modulate = Color(0.45098, 0.45098, 0, 1)
offset_left = 12.0
offset_top = 582.0
offset_right = 433.0
offset_bottom = 630.0
text = "Moedas = 0"
